Before
[[-95, 47, -4], [-433, 339, 686], [776, -791, 349], [699, 422, -931], [-601, 428, -786], [-518, -659, -472], [366, 279, 475], [-391, 306, 703], [-824, -591, 783], [671, -803, 268], [649, 319, -908], [-834, -443, 814], [-608, -627, -525], [313, 315, 609], [-818, -582, 819], [261, -812, -636], [-627, 388, -788], [372, -879, -622], [646, 435, -799], [-656, 326, 698], [496, 289, 546], [-54, -128, -110], [458, -820, -572], [-702, 461, -876], [-522, -693, -443], [707, -633, 286]]

[[-397, 770, -682], [-379, 734, -512], [500, 577, 375], [511, 435, -436], [13, 30, 14], [-460, 839, -524], [-749, -701, 278], [-779, 659, 408], [-694, 651, 318], [-71, -42, -160], [-925, -771, -872], [520, 579, 572], [461, 521, -495], [361, -455, -656], [332, -459, -622], [525, 324, -503], [-894, -712, 414], [-894, -761, -724], [-599, 610, 364], [414, -545, -688], [448, -504, 286], [468, -599, 325], [368, -523, 347], [-893, -588, 276], [478, 589, 498], [-930, -755, -733]]
success
found index of last matching orientation pair 324
This scanner has orientation 8
26
index of beacon in this scanner is 12 [461, 521, -495]

Found beacon that matches: [521, 495, -461]
After
[[-95, 47, -4], [-433, 339, 686], [776, -791, 349], [699, 422, -931], [-601, 428, -786], [-518, -659, -472], [366, 279, 475], [-391, 306, 703], [-824, -591, 783], [671, -803, 268], [649, 319, -908], [-834, -443, 814], [-608, -627, -525], [313, 315, 609], [-818, -582, 819], [261, -812, -636], [-627, 388, -788], [372, -879, -622], [646, 435, -799], [-656, 326, 698], [496, 289, 546], [-54, -128, -110], [458, -820, -572], [-702, 461, -876], [-522, -693, -443], [707, -633, 286]]

[[154, 234, 854], [118, 64, 836], [-39, -823, -43], [-181, -12, -54], [-586, -462, 444], [223, 76, 917], [-1317, -726, 1206], [43, -856, 1236], [35, -766, 1151], [-658, -288, 528], [-1387, 424, 1382], [-37, -1020, -63], [-95, 47, -4], [-1071, 208, 96], [-1075, 174, 125], [-292, 55, -68], [-1328, -862, 1351], [-1377, 276, 1351], [-6, -812, 1056], [-1161, 240, 43], [-1120, -734, 9], [-1215, -773, -11], [-1139, -795, 89], [-1204, -724, 1350], [-27, -946, -21], [-1371, 285, 1387]]